print(25)
 
print(0, 0, 0)
 
print(-1000, 0, 1000)
print(-1000, 0, -1000)
print(-1000, 0, 0)
 
print(1000, 0, 1000)
print(1000, 0, -1000)
print(1000, 0, 0)
 
print(-1000, -1000, 1000)
print(-1000, -1000, -1000)
print(-1000, -1000, 0)
 
print(1000, 1000, 1000)
print(1000, 1000, -1000)
print(1000, 1000, 0)
 
print(1000, 1000, 1000)
print(1000, 1000, -1000)
print(1000, 1000, 0)
 
print(1000, -1000,1000)
print(1000, -1000, -1000)
print(1000, -1000, 0)
 
print(-1000, 1000, 1000)
print(-1000, 1000, -1000)
print(-1000, 1000,0)
 
print(0, -1000, 1000)
print(0, -1000, -1000)
print(0, -1000, 0)